109 77 0
65 107 1
190 108 2
125 100 3
78 14 4
85 7 5
4 97 6
81 0 7
159 38 8
60 35 9
91 106 10
71 33 11
43 2 12
14 45 13
133 60 14
161 76 15
190 93 16
145 22 17
137 102 18
3 70 19
100 78 20
23 9 21
163 81 22
190 20 23
39 21 24
96 68 25
124 25 26
15 64 27
63 68 28
93 104 29
62 50 30
37 22 31
1 30 32
42 97 33
48 56 34
32 21 35
170 62 36
69 64 37
12 11 38
43 79 39
71 55 40
152 78 41
181 57 42
29 10 43
162 20 44
165 15 45
118 82 46
146 84 47
2 77 48
78 81 49
21 12 50
35 80 51
53 69 52
127 2 53
39 55 54
11 52 55
173 53 56
149 7 57
169 73 58
34 15 59
133 105 60
92 37 61
32 91 62
42 20 63
4 69 64
13 9 65
92 72 66
27 109 67
59 23 68
185 29 69
21 45 70
164 101 71
89 8 72
137 12 73
174 70 74
21 39 75
177 23 76
170 80 77
186 98 78
151 61 79
51 90 80
126 47 81
60 10 82
140 92 83
158 80 84
145 81 85
43 109 86
125 89 87
81 7 88
27 66 89
167 10 90
143 109 91
90 67 92
168 39 93
135 100 94
149 95 95
26 37 96
148 110 97
151 73 98
175 97 99
190 74 100
98 27 101
17 72 102
33 110 103
156 54 104
138 25 105
106 11 106
154 60 107
82 2 108
173 59 109
125 72 110
5 93 111
29 89 112
117 85 113
76 82 114
48 51 115
183 101 116
101 14 117
69 57 118
133 86 119
47 26 120
100 105 121
64 76 122
127 11 123
49 7 124
175 46 125
47 47 126
47 87 127
102 12 128
164 98 129
68 26 130
19 9 131
140 3 132
76 100 133
179 24 134
37 83 135
93 12 136
78 93 137
7 84 138
113 79 139
174 40 140
140 61 141
59 33 142
108 54 143
117 60 144
40 104 145
160 101 146
5 58 147
20 5 148
63 67 149
35 29 150
139 73 151
35 50 152
1 2 153
160 99 154
23 83 155
155 52 156
20 105 157
113 34 158
96 65 159
90 51 160
10 18 161
16 110 162
127 33 163
49 89 164
54 90 165
163 2 166
56 95 167
27 47 168
140 60 169
44 109 170
62 23 171
128 17 172
177 94 173
58 82 174
26 79 175
11 110 176
14 72 177
138 47 178
62 55 179
175 31 180
149 89 181
160 105 182
59 40 183
82 88 184
34 33 185
5 100 186
53 98 187
89 54 188
162 61 189
107 72 190
121 59 191
24 70 192
129 25 193
120 98 194
98 76 195
22 3 196
117 49 197
13 46 198
60 57 199
28 86 200
159 104 201
83 94 202
51 0 203
58 54 204
40 39 205
168 52 206
152 95 207
5 69 208
185 103 209
55 109 210
53 76 211
47 15 212
154 50 213
34 9 214
29 52 215
120 78 216
140 62 217
102 52 218
108 47 219
16 68 220
84 55 221
119 45 222
106 82 223
71 10 224
174 83 225
151 52 226
167 7 227
175 106 228
48 81 229
43 108 230
153 39 231
159 13 232
132 89 233
178 64 234
63 90 235
36 84 236
92 107 237
96 27 238
185 90 239
81 82 240
56 84 241
27 79 242
91 20 243
155 27 244
70 25 245
95 102 246
6 83 247
106 57 248
175 63 249
174 89 250
158 72 251
161 50 252
80 54 253
116 32 254
39 51 255
173 89 256
119 61 257
150 106 258
23 94 259
180 62 260
115 56 261
7 24 262
140 62 263
60 62 264
136 43 265
30 79 266
62 37 267
188 108 268
58 18 269
176 40 270
31 34 271
180 22 272
15 7 273
14 4 274
3 40 275
72 109 276
10 107 277
1 105 278
18 32 279
66 109 280
127 4 281
123 10 282
11 69 283
82 97 284
98 54 285
54 88 286
145 57 287
112 13 288
160 42 289
130 39 290
173 28 291
165 52 292
54 49 293
54 24 294
9 41 295
79 84 296
187 62 297
99 37 298
150 78 299
1 15 300
107 76 301
14 2 302
21 76 303
176 44 304
176 36 305
159 73 306
85 98 307
38 40 308
60 86 309
1 77 310
28 32 311
156 74 312
80 24 313
154 53 314
156 77 315
161 57 316
180 30 317
167 41 318
65 107 319
111 27 320
96 52 321
80 74 322
52 14 323
128 5 324
55 81 325
137 96 326
186 6 327
11 54 328
40 25 329
181 95 330
87 103 331
121 58 332
71 27 333
76 2 334
96 40 335
61 98 336
62 76 337
106 31 338
172 37 339
95 4 340
2 70 341
105 1 342
70 93 343
41 0 344
19 100 345
22 70 346
148 8 347
105 79 348
99 102 349
26 27 350
58 29 351
47 80 352
136 1 353
156 52 354
40 51 355
3 14 356
12 68 357
187 49 358
27 64 359
168 58 360
45 12 361
20 21 362
117 92 363
134 12 364
141 15 365
97 109 366
120 45 367
25 41 368
31 104 369
12 32 370
80 108 371
107 34 372
150 64 373
164 84 374
174 76 375
23 60 376
185 44 377
112 63 378
189 48 379
93 58 380
36 1 381
150 35 382
95 52 383
42 9 384
43 50 385
16 8 386
135 92 387
30 75 388
7 25 389
74 73 390
114 61 391
9 61 392
95 43 393
73 88 394
9 73 395
18 76 396
54 51 397
116 55 398
41 23 399
163 94 400
96 57 401
103 101 402
114 59 403
60 63 404
127 38 405
25 34 406
150 25 407
117 3 408
140 37 409
123 66 410
9 83 411
66 22 412
26 14 413
143 24 414
2 62 415
30 110 416
121 69 417
13 35 418
178 20 419
66 15 420
102 26 421
96 26 422
55 56 423
78 102 424
164 46 425
132 88 426
181 105 427
15 22 428
109 0 429
77 12 430
187 34 431
55 35 432
86 90 433
34 11 434
158 96 435
41 107 436
106 67 437
117 41 438
111 77 439
92 38 440
50 26 441
93 82 442
120 106 443
25 26 444
90 39 445
50 11 446
119 110 447
139 1 448
78 108 449
26 74 450
58 63 451
72 58 452
105 51 453
90 69 454
40 60 455
96 41 456
69 41 457
9 53 458
11 7 459
174 86 460
146 31 461
120 6 462
3 84 463
168 7 464
155 82 465
155 70 466
129 66 467
130 5 468
120 47 469
147 49 470
142 38 471
10 55 472
99 57 473
122 54 474
58 12 475
148 33 476
20 101 477
163 32 478
88 10 479
11 73 480
29 13 481
185 26 482
32 83 483
69 2 484
76 53 485
87 58 486
99 100 487
8 52 488
26 25 489
151 37 490
134 53 491
17 79 492
160 64 493
109 82 494
51 52 495
103 18 496
121 38 497
2 37 498
127 18 499
8 83 500
185 29 501
12 48 502
121 46 503
51 105 504
140 1 505
54 1 506
10 44 507
131 42 508
154 69 509
170 14 510
180 10 511
104 13 512
92 85 513
107 69 514
87 90 515
25 1 516
149 19 517
131 13 518
122 105 519
125 32 520
141 6 521
95 105 522
96 95 523
108 48 524
77 34 525
146 64 526
133 90 527
114 52 528
85 49 529
177 33 530
185 99 531
55 47 532
135 66 533
60 48 534
91 5 535
25 107 536
161 43 537
124 101 538
150 75 539
31 87 540
137 99 541
54 90 542
130 26 543
70 8 544
57 50 545
96 25 546
104 76 547
74 15 548
121 6 549
162 38 550
170 94 551
170 97 552
10 40 553
35 0 554
50 66 555
103 72 556
176 36 557
137 34 558
122 64 559
87 80 560
150 1 561
178 66 562
56 16 563
36 87 564
188 95 565
190 58 566
137 26 567
98 42 568
125 24 569
0 42 570
168 51 571
166 69 572
17 91 573
84 55 574
187 16 575
114 6 576
61 59 577
181 90 578
167 88 579
129 69 580
162 110 581
132 46 582
68 28 583
158 21 584
76 5 585
65 88 586
184 46 587
24 8 588
87 104 589
76 102 590
5 42 591
81 62 592
46 46 593
175 31 594
114 35 595
28 28 596
139 91 597
54 91 598
164 10 599
136 7 600
95 13 601
14 88 602
126 84 603
85 28 604
154 25 605
7 95 606
14 97 607
16 70 608
112 43 609
148 37 610
46 8 611
185 53 612
36 36 613
110 59 614
186 72 615
148 97 616
10 106 617
1 7 618
179 106 619
32 76 620
155 46 621
69 12 622
164 79 623
49 35 624
105 45 625
125 64 626
159 74 627
49 85 628
30 45 629
166 110 630
44 58 631
168 94 632
28 26 633
160 17 634
56 27 635
116 38 636
63 22 637
151 55 638
124 52 639
21 47 640
127 81 641
103 35 642
141 93 643
153 58 644
145 52 645
25 75 646
176 63 647
104 14 648
152 87 649
33 62 650
113 75 651
3 97 652
11 5 653
118 6 654
80 0 655
27 46 656
90 42 657
139 96 658
68 61 659
37 69 660
164 97 661
58 80 662
144 77 663
126 44 664
132 12 665
104 38 666
40 62 667
115 60 668
28 24 669
138 85 670
72 57 671
73 73 672
125 105 673
83 69 674
45 41 675
190 15 676
33 83 677
119 80 678
13 97 679
105 8 680
117 27 681
106 38 682
1 70 683
74 7 684
120 7 685
179 71 686
75 27 687
170 28 688
27 96 689
24 41 690
128 58 691
182 60 692
62 37 693
41 77 694
95 35 695
114 64 696
155 110 697
54 75 698
167 19 699
87 56 700
178 11 701
41 90 702
65 28 703
63 57 704
109 49 705
81 76 706
63 18 707
120 4 708
12 100 709
53 9 710
187 91 711
148 60 712
60 44 713
17 39 714
44 39 715
87 79 716
69 110 717
60 99 718
145 107 719
161 22 720
104 22 721
184 31 722
92 11 723
4 88 724
0 0 725
120 79 726
171 27 727
129 90 728
182 90 729
116 2 730
153 10 731
51 39 732
48 22 733
165 5 734
153 57 735
50 6 736
137 22 737
57 92 738
48 22 739
8 6 740
51 92 741
108 51 742
154 92 743
178 99 744
172 102 745
116 73 746
90 84 747
163 18 748
110 34 749
168 109 750
116 17 751
42 79 752
162 93 753
75 91 754
96 36 755
4 99 756
110 68 757
107 89 758
118 70 759
145 70 760
129 41 761
166 89 762
64 66 763
106 109 764
84 55 765
110 31 766
169 81 767
88 100 768
80 10 769
108 16 770
117 41 771
151 19 772
146 65 773
75 85 774
3 96 775
57 8 776
33 31 777
74 74 778
45 34 779
106 69 780
34 37 781
74 50 782
100 65 783
27 102 784
122 36 785
45 68 786
72 6 787
17 108 788
95 49 789
129 91 790
56 17 791
145 75 792
110 19 793
3 12 794
41 104 795
73 37 796
29 82 797
173 97 798
30 76 799
16 83 800
0 80 801
176 94 802
38 95 803
67 71 804
167 24 805
137 22 806
168 72 807
174 67 808
88 42 809
63 74 810
94 82 811
88 86 812
98 96 813
4 54 814
37 53 815
48 82 816
56 15 817
112 63 818
183 110 819
27 85 820
122 35 821
150 95 822
87 109 823
27 104 824
10 95 825
61 4 826
125 11 827
150 39 828
7 52 829
84 33 830
62 41 831
72 65 832
186 38 833
172 89 834
42 35 835
166 99 836
10 76 837
76 87 838
56 28 839
148 31 840
146 23 841
114 59 842
172 80 843
33 67 844
144 36 845
58 82 846
65 45 847
62 71 848
75 42 849
138 28 850
21 108 851
34 98 852
53 61 853
130 42 854
17 99 855
23 53 856
91 72 857
10 98 858
49 28 859
70 78 860
139 110 861
70 60 862
108 32 863
143 0 864
148 69 865
69 45 866
108 52 867
55 49 868
120 80 869
162 78 870
139 68 871
137 21 872
60 49 873
120 21 874
58 83 875
154 85 876
83 49 877
77 63 878
45 42 879
87 67 880
85 48 881
166 45 882
49 32 883
16 22 884
91 104 885
7 40 886
105 40 887
32 51 888
94 88 889
66 19 890
92 30 891
36 92 892
174 98 893
165 103 894
44 19 895
177 92 896
48 76 897
153 98 898
175 52 899
144 18 900
50 66 901
53 4 902
56 32 903
188 31 904
90 38 905
10 45 906
25 14 907
58 49 908
92 94 909
159 49 910
94 96 911
52 73 912
86 28 913
178 47 914
116 104 915
54 29 916
89 80 917
16 9 918
107 13 919
74 83 920
32 57 921
40 67 922
74 98 923
80 105 924
64 97 925
149 5 926
177 15 927
83 43 928
100 46 929
178 48 930
0 93 931
45 15 932
144 21 933
17 26 934
129 9 935
161 70 936
89 88 937
62 88 938
101 40 939
91 76 940
74 9 941
15 19 942
82 64 943
155 105 944
140 51 945
68 82 946
150 82 947
54 59 948
83 16 949
84 18 950
22 15 951
176 35 952
110 71 953
157 48 954
55 100 955
50 21 956
128 58 957
133 78 958
135 52 959
73 73 960
61 53 961
29 2 962
61 15 963
163 107 964
20 59 965
128 73 966
66 23 967
177 29 968
186 99 969
95 14 970
64 8 971
32 19 972
27 50 973
164 24 974
109 34 975
127 82 976
121 72 977
166 88 978
186 20 979
151 42 980
43 19 981
87 50 982
110 43 983
190 62 984
33 33 985
37 67 986
165 95 987
50 71 988
91 50 989
54 109 990
9 72 991
165 19 992
117 44 993
155 78 994
11 59 995
41 39 996
36 3 997
120 64 998
183 55 999
91 53 1000
117 18 1001
131 81 1002
25 75 1003
122 97 1004
101 36 1005
106 76 1006
158 8 1007
24 53 1008
117 4 1009
177 83 1010
109 72 1011
127 2 1012
144 56 1013
92 54 1014
69 108 1015
22 50 1016
25 75 1017
179 23 1018
145 14 1019
112 25 1020
185 76 1021
179 48 1022
83 68 1023
0 61 1024
190 68 1025
183 73 1026
49 91 1027
4 94 1028
129 56 1029
107 18 1030
19 92 1031
109 24 1032
184 71 1033
66 109 1034
7 105 1035
172 61 1036
5 32 1037
47 8 1038
137 107 1039
168 24 1040
118 3 1041
116 86 1042
138 87 1043
18 108 1044
0 42 1045
55 90 1046
57 103 1047
82 67 1048
188 92 1049
166 22 1050
167 59 1051
1 32 1052
162 88 1053
129 43 1054
11 106 1055
148 101 1056
135 69 1057
81 71 1058
179 77 1059
119 29 1060
174 84 1061
157 88 1062
138 6 1063
3 106 1064
181 0 1065
178 51 1066
176 23 1067
182 44 1068
86 71 1069
149 87 1070
169 92 1071
162 65 1072
183 36 1073
136 45 1074
1 61 1075
77 106 1076
54 42 1077
94 28 1078
141 76 1079
90 46 1080
166 76 1081
86 110 1082
122 106 1083
137 19 1084
23 2 1085
183 51 1086
31 9 1087
76 8 1088
57 53 1089
161 68 1090
147 88 1091
53 28 1092
152 27 1093
133 53 1094
9 94 1095
18 77 1096
122 48 1097
185 73 1098
151 24 1099
107 100 1100
128 3 1101
137 47 1102
17 76 1103
174 7 1104
52 44 1105
105 10 1106
181 4 1107
94 65 1108
34 81 1109
176 107 1110
27 79 1111
107 0 1112
37 5 1113
108 88 1114
137 110 1115
107 72 1116
31 26 1117
67 98 1118
26 97 1119
61 74 1120
159 33 1121
107 63 1122
144 34 1123
120 50 1124
128 102 1125
79 15 1126
150 100 1127
123 67 1128
68 101 1129
9 50 1130
118 99 1131
152 45 1132
175 100 1133
94 64 1134
120 28 1135
164 86 1136
9 8 1137
36 4 1138
144 82 1139
114 88 1140
17 57 1141
138 86 1142
107 67 1143
15 77 1144
29 18 1145
107 91 1146
70 27 1147
117 41 1148
176 89 1149
86 81 1150
164 71 1151
32 71 1152
121 47 1153
179 18 1154
164 103 1155
83 44 1156
59 53 1157
21 48 1158
21 64 1159
10 41 1160
24 98 1161
49 34 1162
95 83 1163
56 35 1164
54 6 1165
160 85 1166
159 4 1167
68 28 1168
46 22 1169
133 47 1170
157 0 1171
71 83 1172
173 36 1173
26 104 1174
33 48 1175
68 26 1176
1 73 1177
133 54 1178
32 73 1179
7 108 1180
30 54 1181
146 70 1182
155 45 1183
102 12 1184
56 32 1185
122 96 1186
2 48 1187
159 90 1188
73 101 1189
94 35 1190
24 64 1191
46 17 1192
160 54 1193
184 47 1194
94 61 1195
121 14 1196
82 88 1197
137 59 1198
171 98 1199
31 43 1200
63 14 1201
152 109 1202
142 74 1203
31 20 1204
127 51 1205
166 65 1206
14 91 1207
134 15 1208
187 39 1209
80 82 1210
40 49 1211
85 87 1212
44 85 1213
105 40 1214
140 43 1215
118 68 1216
95 20 1217
152 10 1218
71 43 1219
188 94 1220
87 34 1221
110 87 1222
64 61 1223
105 67 1224
32 51 1225
119 26 1226
41 22 1227
157 29 1228
149 27 1229
124 108 1230
28 32 1231
35 86 1232
133 73 1233
165 72 1234
44 1 1235
184 42 1236
18 71 1237
131 37 1238
62 72 1239
17 39 1240
60 19 1241
96 97 1242
186 37 1243
155 65 1244
111 21 1245
171 77 1246
44 86 1247
46 9 1248
130 57 1249
15 103 1250
132 74 1251
151 55 1252
46 63 1253
107 23 1254
45 24 1255
118 20 1256
101 61 1257
126 80 1258
129 100 1259
130 58 1260
65 50 1261
80 107 1262
122 105 1263
171 10 1264
108 36 1265
185 61 1266
96 2 1267
133 58 1268
72 66 1269
97 12 1270
20 75 1271
170 61 1272
77 96 1273
153 93 1274
73 19 1275
127 73 1276
147 9 1277
59 87 1278
25 4 1279
1 14 1280
73 87 1281
146 33 1282
32 16 1283
169 90 1284
167 107 1285
139 33 1286
106 9 1287
144 22 1288
105 54 1289
144 15 1290
163 15 1291
90 88 1292
189 71 1293
153 4 1294
27 100 1295
76 59 1296
163 31 1297
118 106 1298
59 22 1299
113 19 1300
28 91 1301
169 71 1302
94 27 1303
164 61 1304
93 55 1305
184 23 1306
25 35 1307
109 92 1308
61 79 1309
139 33 1310
123 18 1311
104 97 1312
145 4 1313
121 90 1314
128 83 1315
188 102 1316
123 51 1317
57 104 1318
155 90 1319
165 10 1320
176 66 1321
57 73 1322
134 73 1323
124 30 1324
174 41 1325
60 8 1326
80 65 1327
7 11 1328
124 109 1329
178 31 1330
11 60 1331
165 63 1332
110 49 1333
108 87 1334
47 25 1335
122 48 1336
122 78 1337
159 38 1338
160 7 1339
112 69 1340
190 1 1341
181 105 1342
186 73 1343
0 4 1344
103 53 1345
113 44 1346
0 64 1347
7 80 1348
95 77 1349
91 49 1350
4 95 1351
138 59 1352
180 35 1353
71 55 1354
118 49 1355
157 39 1356
58 48 1357
49 55 1358
30 76 1359
81 43 1360
162 29 1361
29 48 1362
110 72 1363
74 40 1364
68 103 1365
122 80 1366
127 31 1367
183 100 1368
143 37 1369
90 57 1370
50 108 1371
83 37 1372
110 39 1373
118 70 1374
153 7 1375
116 92 1376
128 1 1377
33 27 1378
22 85 1379
156 88 1380
58 68 1381
83 52 1382
178 72 1383
71 16 1384
147 14 1385
124 35 1386
72 94 1387
121 106 1388
145 90 1389
127 16 1390
78 67 1391
1 45 1392
188 13 1393
146 41 1394
110 16 1395
75 81 1396
162 100 1397
93 48 1398
61 47 1399
51 38 1400
155 50 1401
45 100 1402
99 18 1403
13 17 1404
123 45 1405
57 102 1406
15 75 1407
16 14 1408
169 102 1409
166 67 1410
141 97 1411
31 108 1412
91 12 1413
157 93 1414
33 2 1415
48 91 1416
24 105 1417
35 87 1418
149 107 1419
145 7 1420
174 89 1421
76 54 1422
1 9 1423
144 81 1424
92 46 1425
147 43 1426
144 6 1427
121 108 1428
47 104 1429
39 16 1430
108 105 1431
117 57 1432
57 33 1433
90 24 1434
47 72 1435
103 95 1436
0 78 1437
115 41 1438
170 65 1439
119 68 1440
142 95 1441
127 109 1442
28 12 1443
17 110 1444
52 87 1445
46 102 1446
186 21 1447
27 93 1448
49 20 1449
70 38 1450
127 69 1451
71 96 1452
34 54 1453
123 71 1454
62 19 1455
176 75 1456
149 35 1457
76 61 1458
63 34 1459
60 60 1460
183 33 1461
46 77 1462
45 26 1463
122 43 1464
33 108 1465
112 35 1466
89 35 1467
146 42 1468
74 64 1469
142 73 1470
46 58 1471
40 32 1472
66 5 1473
129 40 1474
64 20 1475
86 63 1476
185 37 1477
151 5 1478
121 41 1479
186 6 1480
106 76 1481
184 10 1482
20 89 1483
163 76 1484
174 26 1485
180 15 1486
118 22 1487
73 31 1488
38 15 1489
59 85 1490
52 69 1491
144 82 1492
57 79 1493
63 92 1494
4 73 1495
115 103 1496
88 69 1497
68 22 1498
68 70 1499
109 31 1500
132 9 1501
184 80 1502
169 85 1503
75 84 1504
178 56 1505
84 2 1506
176 86 1507
15 103 1508
123 11 1509
29 69 1510
175 104 1511
142 97 1512
176 49 1513
2 20 1514
185 25 1515
69 61 1516
42 71 1517
150 47 1518
164 25 1519
190 76 1520
75 75 1521
25 101 1522
84 82 1523
182 78 1524
42 28 1525
165 101 1526
183 76 1527
54 103 1528
97 44 1529
44 1 1530
71 31 1531
122 19 1532
150 17 1533
119 48 1534
38 48 1535
167 91 1536
81 54 1537
173 17 1538
124 51 1539
173 87 1540
110 21 1541
89 46 1542
160 7 1543
109 83 1544
122 62 1545
43 84 1546
126 34 1547
42 104 1548
120 87 1549
190 29 1550
173 39 1551
44 74 1552
167 9 1553
179 92 1554
156 103 1555
124 100 1556
190 40 1557
138 50 1558
130 66 1559
63 82 1560
148 53 1561
80 56 1562
81 31 1563
35 3 1564
71 45 1565
120 87 1566
92 8 1567
119 83 1568
143 85 1569
16 32 1570
95 25 1571
19 38 1572
142 17 1573
161 82 1574
82 31 1575
162 97 1576
24 25 1577
102 17 1578
69 101 1579
20 105 1580
175 67 1581
86 38 1582
75 54 1583
28 85 1584
39 85 1585
84 11 1586
82 99 1587
113 82 1588
187 106 1589
2 71 1590
48 34 1591
147 5 1592
95 19 1593
82 5 1594
35 28 1595
120 49 1596
168 41 1597
154 49 1598
33 75 1599
171 9 1600
128 21 1601
51 70 1602
107 5 1603
5 64 1604
9 2 1605
124 70 1606
119 12 1607
138 37 1608
190 54 1609
144 3 1610
110 92 1611
34 58 1612
28 57 1613
182 82 1614
180 41 1615
87 78 1616
137 110 1617
41 98 1618
154 4 1619
49 33 1620
106 107 1621
89 57 1622
141 93 1623
110 22 1624
44 47 1625
186 53 1626
168 7 1627
141 106 1628
167 32 1629
14 11 1630
26 38 1631
22 49 1632
14 45 1633
77 101 1634
39 77 1635
37 6 1636
118 98 1637
166 55 1638
151 75 1639
0 85 1640
142 100 1641
96 26 1642
21 54 1643
44 98 1644
34 45 1645
26 106 1646
107 92 1647
157 97 1648
45 59 1649
78 29 1650
87 80 1651
156 85 1652
151 14 1653
23 73 1654
157 106 1655
17 104 1656
106 89 1657
134 81 1658
112 40 1659
68 53 1660
70 17 1661
166 88 1662
184 32 1663
130 106 1664
109 95 1665
103 86 1666
59 75 1667
113 71 1668
53 82 1669
131 96 1670
118 83 1671
108 1 1672
140 1 1673
94 25 1674
115 69 1675
55 53 1676
59 32 1677
177 33 1678
181 0 1679
102 51 1680
122 48 1681
162 73 1682
50 61 1683
123 39 1684
177 62 1685
181 83 1686
132 43 1687
18 9 1688
151 59 1689
135 40 1690
140 10 1691
41 85 1692
25 65 1693
153 72 1694
22 32 1695
163 41 1696
165 64 1697
75 46 1698
90 61 1699
161 3 1700
22 13 1701
188 26 1702
10 108 1703
39 41 1704
93 45 1705
144 23 1706
108 20 1707
74 78 1708
65 85 1709
88 104 1710
145 67 1711
71 89 1712
175 59 1713
146 86 1714
168 23 1715
106 44 1716
41 26 1717
136 29 1718
116 96 1719
84 29 1720
78 74 1721
86 72 1722
15 60 1723
72 70 1724
83 104 1725
144 37 1726
184 41 1727
36 74 1728
42 89 1729
64 6 1730
79 20 1731
138 53 1732
11 3 1733
184 46 1734
62 10 1735
10 44 1736
115 102 1737
56 23 1738
137 78 1739
40 54 1740
3 26 1741
121 65 1742
135 15 1743
136 68 1744
31 102 1745
114 79 1746
102 105 1747
22 54 1748
162 61 1749
110 17 1750
86 81 1751
170 46 1752
141 4 1753
35 13 1754
33 109 1755
28 4 1756
100 87 1757
126 44 1758
35 50 1759
64 5 1760
105 77 1761
4 34 1762
158 81 1763
104 99 1764
63 91 1765
98 53 1766
172 31 1767
30 49 1768
9 78 1769
2 12 1770
10 93 1771
178 55 1772
5 103 1773
1 57 1774
169 104 1775
12 81 1776
41 42 1777
32 52 1778
120 15 1779
86 72 1780
42 78 1781
95 69 1782
145 93 1783
69 6 1784
143 52 1785
60 15 1786
109 102 1787
104 91 1788
64 57 1789
85 60 1790
106 13 1791
180 48 1792
182 42 1793
141 104 1794
177 35 1795
37 108 1796
130 74 1797
95 30 1798
173 63 1799
90 55 1800
57 77 1801
44 61 1802
111 1 1803
28 79 1804
96 39 1805
125 7 1806
82 32 1807
134 11 1808
41 107 1809
31 69 1810
65 57 1811
90 59 1812
113 35 1813
108 66 1814
175 78 1815
121 79 1816
123 64 1817
140 21 1818
47 80 1819
65 70 1820
190 69 1821
158 88 1822
61 43 1823
54 50 1824
139 44 1825
146 87 1826
135 103 1827
46 84 1828
72 33 1829
64 76 1830
147 100 1831
187 46 1832
117 32 1833
95 83 1834
8 55 1835
86 73 1836
139 72 1837
87 109 1838
98 96 1839
54 21 1840
51 101 1841
163 13 1842
88 20 1843
151 92 1844
19 90 1845
168 82 1846
136 49 1847
93 39 1848
80 46 1849
36 11 1850
184 75 1851
99 71 1852
101 33 1853
177 106 1854
7 103 1855
61 97 1856
93 34 1857
152 108 1858
115 64 1859
32 10 1860
113 32 1861
136 56 1862
106 100 1863
184 7 1864
64 6 1865
189 72 1866
165 51 1867
72 65 1868
132 26 1869
159 76 1870
135 73 1871
119 68 1872
55 54 1873
136 65 1874
106 72 1875
144 26 1876
30 68 1877
97 0 1878
101 84 1879
160 78 1880
179 75 1881
122 85 1882
29 59 1883
96 86 1884
93 44 1885
146 103 1886
90 29 1887
42 82 1888
106 11 1889
178 30 1890
61 72 1891
108 98 1892
125 33 1893
136 102 1894
189 60 1895
80 19 1896
57 106 1897
130 6 1898
24 70 1899
129 93 1900
50 74 1901
136 50 1902
162 23 1903
50 16 1904
40 65 1905
166 60 1906
18 60 1907
146 11 1908
157 69 1909
4 58 1910
51 96 1911
63 3 1912
127 43 1913
28 34 1914
39 33 1915
16 71 1916
34 47 1917
187 49 1918
145 25 1919
1 75 1920
159 74 1921
177 38 1922
132 65 1923
1 5 1924
164 6 1925
175 59 1926
18 18 1927
171 95 1928
101 104 1929
38 103 1930
69 66 1931
92 98 1932
28 25 1933
119 69 1934
127 24 1935
62 85 1936
32 34 1937
50 36 1938
99 109 1939
110 83 1940
30 52 1941
54 50 1942
47 29 1943
25 103 1944
89 67 1945
144 26 1946
145 47 1947
116 75 1948
126 73 1949
131 11 1950
107 45 1951
182 63 1952
41 60 1953
17 13 1954
170 23 1955
129 22 1956
98 28 1957
154 44 1958
141 53 1959
4 102 1960
157 94 1961
15 65 1962
150 91 1963
57 84 1964
83 104 1965
43 100 1966
164 7 1967
74 25 1968
179 26 1969
61 58 1970
90 89 1971
57 69 1972
85 94 1973
33 108 1974
32 33 1975
6 34 1976
99 101 1977
27 24 1978
3 101 1979
89 95 1980
11 36 1981
41 97 1982
71 3 1983
132 91 1984
187 46 1985
84 0 1986
44 32 1987
6 43 1988
149 37 1989
103 35 1990
85 78 1991
177 39 1992
74 70 1993
82 64 1994
97 58 1995
65 16 1996
6 45 1997
65 14 1998
83 29 1999
